Elastic I projection (3 sections):
section 0:
boundary (12 vertices):
  40.0,-180.0
  40.0,-150.0
 -10.0,-100.0
 -55.0,-100.0
 -55.0,-180.0
 -90.0,-180.0
 -90.0, 180.0
 -55.0, 180.0
 -55.0, -20.0
  90.0, -20.0
  90.0,-180.0
  40.0,-180.0
projected points (21x41 points):
-17151.64,  3464.10,-17151.64,  3464.10,-17151.64,  3464.10,-17151.64,  3464.10,-17151.64,  3464.10,-17151.64,  3464.10,-17151.64,  3464.10,-17151.64,  3464.10,-17151.64,  3464.10,-17151.64,  3464.10,-17151.64,  3464.10,-17151.64,  3464.10,-17151.64,  3464.10,-17151.64,  3464.10,-17151.64,  3464.10,-17151.64,  3464.10,-17151.64,  3464.10,-17151.64,  3464.10,-17151.64,  3464.10,-17151.64,  3464.10,-17151.64,  3464.10,-17151.64,  3464.10,-17151.64,  3464.10,-17151.64,  3464.10,-17151.64,  3464.10,-17151.64,  3464.10,-17151.64,  3464.10,-17151.64,  3464.10,-17151.64,  3464.10,-17151.64,  3464.10,-17151.64,  3464.10,-17151.64,  3464.10,-17151.64,  3464.10,-17151.64,  3464.10,-17151.64,  3464.10,-17151.64,  3464.10,-17151.64,  3464.10,-17151.64,  3464.10,-17151.64,  3464.10,-17151.64,  3464.10,-17151.64,  3464.10
-17708.64,  4289.44,-17574.03,  4366.81,-17428.34,  4421.89,-17275.50,  4453.18,-17119.49,  4459.91,-16964.34,  4441.94,-16813.95,  4399.74,-16672.13,  4334.45,-16542.41,  4247.72,-16427.98,  4141.69,-16331.59,  4018.99,-16255.56,  3882.72,-16201.60,  3736.27,-16170.93,  3583.24,-16164.17,  3427.45,-16181.36,  3272.78,-16222.09,  3122.92,-16285.64,  2981.30,-16370.64,  2851.31,-16475.01,  2736.28,-16596.16,  2639.17,-16731.05,  2562.40,-16876.33,  2507.84,-17028.37,  2476.83,-17183.41,  2470.09,-17337.61,  2487.75,-17487.18,  2529.36,-17628.45,  2593.86,-17757.94,  2679.65,-17872.49,  2784.61,-17969.32,  2906.18,-18046.08,  3041.41,-18100.89,  3187.03,-18132.45,  3339.49,-18139.96,  3495.11,-18123.24,  3650.12,-18082.67,  3800.77,-18019.18,  3943.41,-17934.27,  4074.54,-17829.91,  4190.91,-17708.64,  4289.44
-18270.04,  5101.43,-17996.40,  5259.27,-17701.58,  5369.31,-17394.26,  5431.42,-17081.80,  5444.24,-16771.80,  5407.63,-16471.96,  5322.65,-16189.71,  5192.10,-15931.92,  5019.35,-15705.24,  4807.77,-15515.33,  4563.04,-15366.72,  4292.27,-15262.94,  4001.93,-15205.34,  3698.16,-15193.86,  3389.06,-15227.87,  3082.60,-15306.84,  2785.89,-15430.79,  2505.23,-15597.99,  2246.95,-15804.79,  2018.09,-16046.37,  1825.11,-16315.63,  1672.76,-16605.43,  1564.66,-16908.43,  1503.38,-17216.93,  1490.43,-17523.61,  1526.15,-17820.95,  1609.42,-18101.75,  1737.84,-18358.84,  1907.85,-18585.89,  2115.45,-18777.63,  2355.94,-18929.70,  2623.59,-19038.47,  2911.54,-19101.41,  3212.82,-19117.03,  3520.24,-19084.89,  3826.49,-19005.79,  4124.59,-18881.55,  4407.40,-18714.91,  4668.11,-18509.60,  4901.10,-18270.04,  5101.43
-18866.71,  5892.46,-18461.20,  6137.41,-17984.19,  6317.21,-17502.65,  6415.24,-17024.62,  6433.13,-16557.25,  6374.77,-16109.97,  6244.52,-15687.05,  6045.97,-15298.01,  5781.73,-14961.29,  5462.60,-14681.68,  5096.78,-14463.18,  4691.16,-14316.58,  4254.37,-14238.63,  3804.45,-14226.39,  3350.59,-14280.38,  2899.73,-14399.09,  2457.65,-14579.02,  2034.48,-14818.95,  1638.65,-15126.25,  1288.39,-15494.63,  1002.07,-15901.35,   776.00,-16337.68,   615.37,-16793.73,   524.55,-17259.06,   506.36,-17719.15,   561.55,-18162.74,   687.76,-18580.31,   880.05,-18964.19,  1134.23,-19304.81,  1445.94,-19591.84,  1806.91,-19818.12,  2206.80,-19979.97,  2636.14,-20074.08,  3084.90,-20098.16,  3542.70,-20051.38,  3998.65,-19935.51,  4441.65,-19753.60,  4861.53,-19509.75,  5248.60,-19211.39,  5594.33,-18866.71,  5892.46
-19470.73,  6673.39,-18891.62,  7005.61,-18273.73,  7244.69,-17630.50,  7384.72,-16974.99,  7422.20,-16320.52,  7357.50,-15680.99,  7192.99,-15075.46,  6929.65,-14540.24,  6563.35,-14105.23,  6106.31,-13757.50,  5603.33,-13515.14,  5049.70,-13356.45,  4472.48,-13268.43,  3885.74,-13253.79,  3295.95,-13318.00,  2712.83,-13465.57,  2142.62,-13690.07,  1593.93,-13986.89,  1083.20,-14359.97,   616.27,-14863.46,   209.24,-15440.56,  -111.05,-16052.16,  -335.55,-16683.74,  -460.02,-17325.34,  -483.27,-17944.10,  -404.17,-18522.70,  -232.64,-19064.42,    20.14,-19571.70,   355.52,-20036.77,   780.91,-20420.35,  1267.81,-20715.92,  1797.05,-20927.22,  2361.86,-21051.50,  2952.60,-21084.94,  3558.20,-21023.90,  4166.40,-20872.96,  4751.58,-20635.39,  5307.79,-20310.71,  5826.56,-19919.30,  6282.94,-19470.73,  6673.39
-20015.42,  7511.74,-19319.11,  7918.87,-18561.36,  8215.02,-17763.48,  8390.74,-16943.85,  8441.37,-16116.86,  8366.72,-15288.76,  8168.27,-14449.42,  7844.99,-13705.41,  7355.65,-13188.42,  6735.59,-12814.17,  6043.74,-12561.30,  5360.82,-12389.23,  4668.80,-12292.86,  3963.90,-12273.07,  3250.39,-12340.45,  2530.82,-12518.51,  1840.04,-12780.20,  1178.98,-13124.72,   551.09,-13574.83,   -39.23,-14246.41,  -602.52,-14982.51, -1020.21,-15756.37, -1304.85,-16550.99, -1460.02,-17348.86, -1487.34,-18127.05, -1389.34,-18866.84, -1173.69,-19559.07,  -850.26,-20196.48,  -424.02,-20765.35,    99.63,-21243.68,   704.04,-21618.44,  1370.14,-21885.15,  2081.74,-22040.64,  2824.28,-22081.56,  3582.64,-22006.30,  4339.52,-21817.23,  5075.36,-21517.95,  5775.21,-21113.61,  6424.58,-20612.64,  7007.92,-20015.42,  7511.74
-20461.77,  8417.68,-19721.79,  8827.91,-18833.21,  9174.95,-17889.47,  9382.33,-16913.72,  9442.89,-15803.38,  9294.35,-14338.25,  9065.15,-13283.12,  8671.75,-12583.20,  8102.71,-12141.87,  7308.74,-11823.98,  6455.04,-11593.29,  5648.64,-11419.40,  4850.01,-11316.66,  4044.22,-11283.70,  3226.69,-11309.14,  2394.61,-11380.60,  1547.22,-11616.51,   751.07,-11952.47,   -44.53,-12543.36,  -660.41,-13277.66, -1267.16,-14477.64, -1878.61,-15459.13, -2246.54,-16404.11, -2433.36,-17354.21, -2467.26,-18289.15, -2351.75,-19191.40, -2092.57,-20037.59, -1699.25,-20802.23, -1187.81,-21475.97,  -565.95,-22042.25,   150.39,-22494.02,   948.11,-22817.98,  1806.17,-23005.10,  2700.09,-23053.98,  3607.83,-22963.20,  4513.99,-22735.36,  5396.02,-22376.34,  6236.73,-21885.25,  7021.03,-21264.89,  7728.90,-20655.87,  8280.19
      NaN,      NaN,      NaN,      NaN,      NaN,      NaN,      NaN,      NaN,      NaN,      NaN,-15125.96, 10031.03,-12642.86, 10014.46,-11675.56,  9588.82,-11305.30,  8757.15,-11006.53,  7804.80,-10840.81,  6779.79,-10613.98,  5900.02,-10445.62,  5017.73,-10339.69,  4128.84,-10292.54,  3231.91,-10296.15,  2324.28,-10334.16,  1398.23,-10418.82,   455.96,-10684.76,  -472.29,-11226.75, -1329.07,-12109.08, -1879.01,-13722.30, -2456.91,      NaN,      NaN,      NaN,      NaN,      NaN,      NaN,      NaN,      NaN,      NaN,      NaN,      NaN,      NaN,      NaN,      NaN,      NaN,      NaN,      NaN,      NaN,      NaN,      NaN,      NaN,      NaN,      NaN,      NaN,      NaN,      NaN,      NaN,      NaN,      NaN,      NaN,      NaN,      NaN,      NaN,      NaN,      NaN,      NaN,      NaN,      NaN
      NaN,      NaN,      NaN,      NaN,      NaN,      NaN,      NaN,      NaN,      NaN,      NaN, -9855.51, 11303.20, -8938.35, 11702.33, -9404.71, 10565.44, -9856.03,  9369.28, -9787.90,  8239.50, -9816.58,  7085.70, -9615.59,  6130.70, -9467.76,  5173.63, -9365.54,  4218.38, -9306.51,  3258.95, -9288.46,  2291.92, -9307.22,  1311.43, -9362.08,   305.11, -9459.38,  -808.72, -9420.77, -2017.44, -9864.90, -2661.07,      NaN,      NaN,      NaN,      NaN,      NaN,      NaN,      NaN,      NaN,      NaN,      NaN,      NaN,      NaN,      NaN,      NaN,      NaN,      NaN,      NaN,      NaN,      NaN,      NaN,      NaN,      NaN,      NaN,      NaN,      NaN,      NaN,      NaN,      NaN,      NaN,      NaN,      NaN,      NaN,      NaN,      NaN,      NaN,      NaN,      NaN,      NaN,      NaN,      NaN
      NaN,      NaN,      NaN,      NaN,      NaN,      NaN,      NaN,      NaN,      NaN,      NaN, -6076.37, 13356.92, -7045.56, 12137.29, -7767.27, 11045.95, -8281.33,  9756.23, -8502.01,  8557.07, -8578.95,  7438.50, -8576.52,  6337.11, -8482.54,  5313.48, -8393.44,  4308.00, -8325.12,  3303.17, -8284.21,  2288.77, -8279.36,  1255.27, -8298.62,   173.25, -8027.59, -1321.07, -7609.74, -3015.06,      NaN,      NaN,      NaN,      NaN,      NaN,      NaN,      NaN,      NaN,      NaN,      NaN,      NaN,      NaN,      NaN,      NaN,      NaN,      NaN,      NaN,      NaN,      NaN,      NaN,      NaN,      NaN,      NaN,      NaN,      NaN,      NaN,      NaN,      NaN,      NaN,      NaN,      NaN,      NaN,      NaN,      NaN,      NaN,      NaN,      NaN,      NaN,      NaN,      NaN,      NaN,      NaN
      NaN,      NaN,      NaN,      NaN,      NaN,      NaN,      NaN,      NaN, -3435.59, 13863.45, -4602.05, 12984.24, -5605.02, 12077.86, -6352.12, 10939.45, -6912.28,  9782.43, -7355.86,  8618.01, -7486.90,  7531.79, -7539.33,  6452.16, -7494.18,  5414.43, -7423.97,  4391.52, -7345.19,  3367.27, -7278.48,  2325.10, -7250.48,  1244.69, -7240.15,    90.69, -6555.12, -1857.19, -6044.52, -3147.73,      NaN,      NaN,      NaN,      NaN,      NaN,      NaN,      NaN,      NaN,      NaN,      NaN,      NaN,      NaN,      NaN,      NaN,      NaN,      NaN,      NaN,      NaN,      NaN,      NaN,      NaN,      NaN,      NaN,      NaN,      NaN,      NaN,      NaN,      NaN,      NaN,      NaN,      NaN,      NaN,      NaN,      NaN,      NaN,      NaN,      NaN,      NaN,      NaN,      NaN,      NaN,      NaN
      NaN,      NaN,      NaN,      NaN,      NaN,      NaN,  -750.92, 13642.21, -2146.96, 13119.89, -3328.45, 12543.50, -4317.10, 11646.19, -5039.32, 10688.73, -5602.05,  9711.57, -6237.27,  8584.25, -6426.83,  7528.36, -6515.64,  6497.87, -6516.63,  5482.49, -6460.62,  4476.84, -6363.96,  3465.66, -6268.46,  2418.41, -6233.29,  1291.88, -6271.04,    84.11, -5767.53, -1015.25, -4894.34, -2408.24,      NaN,      NaN,      NaN,      NaN,      NaN,      NaN,      NaN,      NaN,      NaN,      NaN,      NaN,      NaN,      NaN,      NaN,      NaN,      NaN,      NaN,      NaN,      NaN,      NaN,      NaN,      NaN,      NaN,      NaN,      NaN,      NaN,      NaN,      NaN,      NaN,      NaN,      NaN,      NaN,      NaN,      NaN,      NaN,      NaN,      NaN,      NaN,      NaN,      NaN,      NaN,      NaN
      NaN,      NaN,  6902.25,  9170.10,  2461.33, 11995.79,   554.61, 12446.50,  -988.55, 12364.02, -2213.00, 11786.07, -3230.82, 11053.13, -3906.88, 10257.28, -4470.86,  9410.80, -5000.24,  8483.20, -5351.25,  7490.60, -5514.10,  6500.80, -5558.04,  5532.12, -5511.74,  4575.67, -5397.21,  3620.02, -5283.96,  2623.64, -5517.15,  1555.47, -5625.00,   489.20, -5069.66,  -285.69, -4298.59, -1095.20,      NaN,      NaN,      NaN,      NaN,      NaN,      NaN,      NaN,      NaN,      NaN,      NaN,      NaN,      NaN,      NaN,      NaN,      NaN,      NaN,      NaN,      NaN,      NaN,      NaN,      NaN,      NaN,      NaN,      NaN,      NaN,      NaN,      NaN,      NaN,      NaN,      NaN,      NaN,      NaN,      NaN,      NaN,      NaN,      NaN,      NaN,      NaN,      NaN,      NaN,      NaN,      NaN
  8903.82,  6767.87,  6135.50,  8978.15,  3688.57, 10483.65,  1393.61, 11484.69,   -18.39, 11315.01, -1292.11, 10956.35, -2357.92, 10400.58, -2999.59,  9697.48, -3539.14,  8936.46, -4007.67,  8132.14, -4350.47,  7281.68, -4552.77,  6415.39, -4632.17,  5552.89, -4595.97,  4686.52, -4471.53,  3816.56, -4457.69,  2912.03, -4883.77,  1910.31, -4902.70,  1093.35, -4386.52,   419.55, -3679.35,  -279.77,      NaN,      NaN,      NaN,      NaN,      NaN,      NaN,      NaN,      NaN,      NaN,      NaN,      NaN,      NaN,      NaN,      NaN,      NaN,      NaN,      NaN,      NaN,      NaN,      NaN,      NaN,      NaN,      NaN,      NaN,      NaN,      NaN,      NaN,      NaN,      NaN,      NaN,      NaN,      NaN,      NaN,      NaN,      NaN,      NaN,      NaN,      NaN,  9343.55,  5270.52,  9581.29,  6055.20
  8119.38,  6544.05,  6211.23,  8330.35,  4215.79,  9516.34,  2291.48, 10129.11,   768.23, 10232.42,  -624.99, 10134.88, -1479.97,  9684.25, -2102.75,  9088.13, -2629.02,  8432.88, -3068.06,  7741.40, -3407.76,  7023.01, -3640.45,  6284.54, -3764.45,  5533.54, -3816.17,  4802.83, -3775.60,  4093.77, -3953.97,  3360.68, -4340.06,  2624.06, -4132.25,  1851.05, -3710.44,  1155.42, -3195.22,   569.85,      NaN,      NaN,      NaN,      NaN,      NaN,      NaN,      NaN,      NaN,      NaN,      NaN,      NaN,      NaN,      NaN,      NaN,      NaN,      NaN,      NaN,      NaN,      NaN,      NaN,      NaN,      NaN,      NaN,      NaN,      NaN,      NaN,      NaN,      NaN,      NaN,      NaN,      NaN,      NaN,      NaN,      NaN,      NaN,      NaN,  7293.33,  4888.98,  7697.38,  5718.27,  8119.38,  6544.05
  6519.58,  6905.51,  5433.93,  7687.72,  4172.19,  8405.47,  2663.13,  8945.20,  1268.47,  9198.71,    31.01,  9234.49,  -679.76,  8876.10, -1261.29,  8401.28, -1762.67,  7870.59, -2181.25,  7301.11, -2513.28,  6702.03, -2758.92,  6082.72, -2926.20,  5456.58, -3035.86,  4842.35, -3080.96,  4238.46, -3163.56,  3654.66, -3403.64,  3038.08, -3247.94,  2370.59, -2928.14,  1777.13, -2539.45,  1248.69,      NaN,      NaN,      NaN,      NaN,      NaN,      NaN,      NaN,      NaN,      NaN,      NaN,      NaN,      NaN,      NaN,      NaN,      NaN,      NaN,      NaN,      NaN,      NaN,      NaN,      NaN,      NaN,      NaN,      NaN,      NaN,      NaN,      NaN,      NaN,      NaN,      NaN,      NaN,      NaN,      NaN,      NaN,      NaN,      NaN,  6089.67,  5248.52,  6139.15,  6056.17,  6519.58,  6905.51
  4430.19,  6608.09,  3985.29,  7132.22,  3355.77,  7578.16,  2626.44,  7921.45,  1624.88,  8169.78,   713.65,  8195.67,    49.93,  7976.87,  -494.07,  7637.84,  -958.60,  7239.37, -1346.84,  6795.94, -1660.41,  6318.62, -1902.25,  5817.31, -2078.13,  5301.42, -2196.69,  4780.67, -2258.30,  4256.73, -2278.54,  3734.10, -2393.02,  3255.79, -2332.57,  2755.23, -2123.01,  2323.19, -1863.17,  1896.53, -1772.98,  1564.72,      NaN,      NaN,      NaN,      NaN,      NaN,      NaN,      NaN,      NaN,      NaN,      NaN,      NaN,      NaN,      NaN,      NaN,      NaN,      NaN,      NaN,      NaN,      NaN,      NaN,      NaN,      NaN,      NaN,      NaN,      NaN,      NaN,      NaN,      NaN,      NaN,      NaN,      NaN,      NaN,  5624.12,  4850.55,  4671.16,  5403.04,  4842.99,  5972.18,  4430.19,  6608.09
  3528.29,  6022.46,  3178.97,  6398.02,  2733.46,  6711.35,  2229.33,  6944.64,  1658.08,  7088.11,  1088.30,  7113.75,   582.82,  7001.22,   137.42,  6798.37,  -250.62,  6532.61,  -580.75,  6218.82,  -853.04,  5868.48, -1069.25,  5491.97, -1231.48,  5098.61, -1339.59,  4694.53, -1398.62,  4289.92, -1417.15,  3900.62, -1401.92,  3539.86, -1388.57,  3233.32, -1285.94,  2881.17, -1126.67,  2504.92,  -995.12,  2225.44,  -680.39,  2117.59,      NaN,      NaN,      NaN,      NaN,      NaN,      NaN,      NaN,      NaN,      NaN,      NaN,      NaN,      NaN,      NaN,      NaN,      NaN,      NaN,      NaN,      NaN,      NaN,      NaN,      NaN,      NaN,      NaN,      NaN,      NaN,      NaN,      NaN,      NaN,  3981.07,  4649.92,  4166.30,  4914.69,  4121.38,  5116.82,  3816.28,  5596.86,  3528.29,  6022.46
  2706.84,  5416.37,  2474.87,  5648.25,  2198.20,  5838.35,  1891.91,  5977.00,  1563.88,  6057.22,  1231.18,  6072.68,   910.73,  6022.70,   611.76,  5917.24,   340.48,  5764.92,   101.40,  5573.95,  -102.67,  5352.43,  -270.83,  5109.13,  -399.38,  4847.01,  -490.26,  4575.06,  -549.25,  4304.24,  -571.83,  4034.47,  -553.98,  3768.40,  -515.53,  3521.35,  -429.60,  3274.81,  -331.86,  3047.57,  -176.73,  2869.06,    38.39,  2700.82,   277.84,  2501.64,   527.08,  2392.67,   793.09,  2322.19,  1067.71,  2294.02,  1346.64,  2307.56,  1625.17,  2361.71,  1896.82,  2455.86,  2153.88,  2589.51,  2390.34,  2760.29,  2600.37,  2965.26,  2778.63,  3200.49,  2920.42,  3461.05,  3022.16,  3740.96,  3080.73,  4033.67,  3071.56,  4368.86,  3108.51,  4628.43,  3041.49,  4883.42,  2892.12,  5151.80,  2706.84,  5416.37
  1951.90,  4787.51,  1841.81,  4894.44,  1715.00,  4980.91,  1573.74,  5042.46,  1423.55,  5077.36,  1269.60,  5084.96,  1116.50,  5066.50,   968.59,  5023.48,   829.90,  4957.46,   703.70,  4870.97,   592.59,  4766.95,   498.65,  4648.59,   423.44,  4519.23,   367.90,  4382.33,   331.60,  4241.78,   317.77,  4098.72,   324.83,  3957.27,   351.74,  3820.63,   398.71,  3690.96,   463.14,  3572.04,   545.60,  3467.88,   640.84,  3383.86,   753.25,  3312.65,   879.34,  3257.05,  1013.51,  3221.26,  1151.29,  3207.40,  1290.78,  3214.69,  1431.56,  3241.31,  1568.09,  3288.73,  1697.46,  3355.76,  1816.41,  3441.55,  1922.11,  3544.54,  2011.87,  3662.75,  2083.25,  3793.82,  2134.36,  3934.68,  2164.17,  4081.83,  2170.69,  4232.11,  2152.39,  4382.01,  2109.26,  4527.32,  2041.76,  4663.73,  1951.90,  4787.51
  1235.71,  4131.60,  1235.71,  4131.60,  1235.71,  4131.60,  1235.71,  4131.60,  1235.71,  4131.60,  1235.71,  4131.60,  1235.71,  4131.60,  1235.71,  4131.60,  1235.71,  4131.60,  1235.71,  4131.60,  1235.71,  4131.60,  1235.71,  4131.60,  1235.71,  4131.60,  1235.71,  4131.60,  1235.71,  4131.60,  1235.71,  4131.60,  1235.71,  4131.60,  1235.71,  4131.60,  1235.71,  4131.60,  1235.71,  4131.60,  1235.71,  4131.60,  1235.71,  4131.60,  1235.71,  4131.60,  1235.71,  4131.60,  1235.71,  4131.60,  1235.71,  4131.60,  1235.71,  4131.60,  1235.71,  4131.60,  1235.71,  4131.60,  1235.71,  4131.60,  1235.71,  4131.60,  1235.71,  4131.60,  1235.71,  4131.60,  1235.71,  4131.60,  1235.71,  4131.60,  1235.71,  4131.60,  1235.71,  4131.60,  1235.71,  4131.60,  1235.71,  4131.60,  1235.71,  4131.60,  1235.71,  4131.60
section 1:
boundary (5 vertices):
 -55.0, -20.0
 -55.0,  80.0
  90.0,  80.0
  90.0, -20.0
 -55.0, -20.0
projected points (21x41 points):
      NaN,      NaN,      NaN,      NaN,      NaN,      NaN,      NaN,      NaN,      NaN,      NaN,      NaN,      NaN,      NaN,      NaN,      NaN,      NaN,      NaN,      NaN,      NaN,      NaN,      NaN,      NaN,      NaN,      NaN,      NaN,      NaN,      NaN,      NaN,      NaN,      NaN,      NaN,      NaN,      NaN,      NaN,      NaN,      NaN,      NaN,      NaN,      NaN,      NaN,      NaN,      NaN,      NaN,      NaN,      NaN,      NaN,      NaN,      NaN,      NaN,      NaN,      NaN,      NaN,      NaN,      NaN,      NaN,      NaN,      NaN,      NaN,      NaN,      NaN,      NaN,      NaN,      NaN,      NaN,      NaN,      NaN,      NaN,      NaN,      NaN,      NaN,      NaN,      NaN,      NaN,      NaN,      NaN,      NaN,      NaN,      NaN,      NaN,      NaN,      NaN,      NaN
      NaN,      NaN,      NaN,      NaN,      NaN,      NaN,      NaN,      NaN,      NaN,      NaN,      NaN,      NaN,      NaN,      NaN,      NaN,      NaN,      NaN,      NaN,      NaN,      NaN,      NaN,      NaN,      NaN,      NaN,      NaN,      NaN,      NaN,      NaN,      NaN,      NaN,      NaN,      NaN,      NaN,      NaN,      NaN,      NaN,      NaN,      NaN,      NaN,      NaN,      NaN,      NaN,      NaN,      NaN,      NaN,      NaN,      NaN,      NaN,      NaN,      NaN,      NaN,      NaN,      NaN,      NaN,      NaN,      NaN,      NaN,      NaN,      NaN,      NaN,      NaN,      NaN,      NaN,      NaN,      NaN,      NaN,      NaN,      NaN,      NaN,      NaN,      NaN,      NaN,      NaN,      NaN,      NaN,      NaN,      NaN,      NaN,      NaN,      NaN,      NaN,      NaN
      NaN,      NaN,      NaN,      NaN,      NaN,      NaN,      NaN,      NaN,      NaN,      NaN,      NaN,      NaN,      NaN,      NaN,      NaN,      NaN,      NaN,      NaN,      NaN,      NaN,      NaN,      NaN,      NaN,      NaN,      NaN,      NaN,      NaN,      NaN,      NaN,      NaN,      NaN,      NaN,      NaN,      NaN, -6020.65,-11859.86, -5599.47,-11737.77, -5197.43,-11761.38, -4740.02,-11807.04, -4079.34,-12062.46, -3376.57,-12230.51, -2668.43,-12353.11, -1931.79,-12490.47, -1158.71,-12595.94,  -477.76,-12674.11,   191.22,-12694.20,   612.30,-12802.13,  1002.48,-12951.91,  1398.55,-13197.49,      NaN,      NaN,      NaN,      NaN,      NaN,      NaN,      NaN,      NaN,      NaN,      NaN,      NaN,      NaN,      NaN,      NaN,      NaN,      NaN,      NaN,      NaN,      NaN,      NaN
      NaN,      NaN,      NaN,      NaN,      NaN,      NaN,      NaN,      NaN,      NaN,      NaN,      NaN,      NaN,      NaN,      NaN,      NaN,      NaN,      NaN,      NaN,      NaN,      NaN,      NaN,      NaN,      NaN,      NaN,      NaN,      NaN,      NaN,      NaN,      NaN,      NaN,      NaN,      NaN, -6872.11,-10998.81, -6315.15,-10817.42, -5838.87,-10696.41, -5305.28,-10685.49, -4706.25,-10770.21, -4033.94,-10933.10, -3294.45,-11119.17, -2510.16,-11289.27, -1701.92,-11430.14,  -889.87,-11539.63,  -102.22,-11624.09,   624.26,-11698.98,  1182.04,-11837.09,  1620.63,-12055.60,  2026.59,-12322.92,  2504.33,-12641.87,      NaN,      NaN,      NaN,      NaN,      NaN,      NaN,      NaN,      NaN,      NaN,      NaN,      NaN,      NaN,      NaN,      NaN,      NaN,      NaN,      NaN,      NaN
      NaN,      NaN,      NaN,      NaN,      NaN,      NaN,      NaN,      NaN,      NaN,      NaN,      NaN,      NaN,      NaN,      NaN,      NaN,      NaN,      NaN,      NaN,      NaN,      NaN,      NaN,      NaN,      NaN,      NaN,      NaN,      NaN,      NaN,      NaN,      NaN,      NaN,      NaN,      NaN, -7286.68, -9995.45, -6721.00, -9788.52, -6116.62, -9618.26, -5459.10, -9576.18, -4752.63, -9648.39, -3978.31, -9861.43, -3172.34,-10078.49, -2363.69,-10252.55, -1538.94,-10396.15,  -680.97,-10511.36,   192.17,-10608.35,  1070.45,-10695.85,  1653.68,-10899.82,  2197.90,-11167.91,  2711.63,-11491.36,  3199.63,-11834.10,      NaN,      NaN,      NaN,      NaN,      NaN,      NaN,      NaN,      NaN,      NaN,      NaN,      NaN,      NaN,      NaN,      NaN,      NaN,      NaN,      NaN,      NaN
      NaN,      NaN,      NaN,      NaN,      NaN,      NaN,      NaN,      NaN,      NaN,      NaN,      NaN,      NaN,      NaN,      NaN,      NaN,      NaN,      NaN,      NaN,      NaN,      NaN,      NaN,      NaN,      NaN,      NaN,      NaN,      NaN,      NaN,      NaN,      NaN,      NaN,      NaN,      NaN, -7934.73, -8813.64, -7207.58, -8658.96, -6501.84, -8454.29, -5765.60, -8392.95, -5015.36, -8409.85, -3973.89, -8886.94, -3037.16, -9162.71, -2264.29, -9284.88, -1485.80, -9436.97,  -541.33, -9566.38,   424.44, -9672.76,  1378.61, -9746.89,  2055.81, -9982.16,  2692.90,-10294.27,  3297.48,-10669.87,  3968.52,-11009.53,      NaN,      NaN,      NaN,      NaN,      NaN,      NaN,      NaN,      NaN,      NaN,      NaN,      NaN,      NaN,      NaN,      NaN,      NaN,      NaN,      NaN,      NaN
      NaN,      NaN,      NaN,      NaN,      NaN,      NaN,      NaN,      NaN,      NaN,      NaN,      NaN,      NaN,      NaN,      NaN,      NaN,      NaN,      NaN,      NaN,      NaN,      NaN,      NaN,      NaN,      NaN,      NaN,      NaN,      NaN,      NaN,      NaN,      NaN,      NaN,      NaN,      NaN, -8396.17, -7504.23, -7526.92, -7507.01, -6654.27, -7417.60, -5825.55, -7367.39, -4995.34, -7383.60, -3852.26, -8044.86, -2943.29, -8183.89, -2091.12, -8301.39, -1236.37, -8468.95,  -323.17, -8665.95,   662.07, -8814.97,  1674.59, -8840.65,  2478.91, -9053.14,  3232.92, -9385.59,  4010.24, -9758.82,  4977.04, -9800.74,      NaN,      NaN,      NaN,      NaN,      NaN,      NaN,      NaN,      NaN,      NaN,      NaN,      NaN,      NaN,      NaN,      NaN,      NaN,      NaN,      NaN,      NaN
      NaN,      NaN,      NaN,      NaN,      NaN,      NaN,      NaN,      NaN,      NaN,      NaN,      NaN,      NaN,      NaN,      NaN,      NaN,      NaN,      NaN,      NaN,      NaN,      NaN,      NaN,      NaN,      NaN,      NaN,      NaN,      NaN,      NaN,      NaN,      NaN,      NaN,      NaN,      NaN, -8713.11, -6144.62, -7782.28, -6217.22, -6764.57, -6368.17, -5866.54, -6344.49, -4970.92, -6375.24, -3839.40, -7036.33, -2866.08, -7176.03, -1936.89, -7310.75, -1001.38, -7487.59,    -2.20, -7677.37,  1029.47, -7833.62,  2106.89, -7945.48,  3178.09, -8039.15,  4338.38, -8044.36,  5453.81, -8025.59,  7330.64, -7331.22,      NaN,      NaN,      NaN,      NaN,      NaN,      NaN,      NaN,      NaN,      NaN,      NaN,      NaN,      NaN,      NaN,      NaN,      NaN,      NaN,      NaN,      NaN
      NaN,      NaN,      NaN,      NaN,      NaN,      NaN,      NaN,      NaN,      NaN,      NaN,      NaN,      NaN,      NaN,      NaN,      NaN,      NaN,      NaN,      NaN,      NaN,      NaN,      NaN,      NaN,      NaN,      NaN,      NaN,      NaN,      NaN,      NaN,      NaN,      NaN,      NaN,      NaN, -9037.51, -3959.75, -8096.98, -4411.12, -7118.79, -4520.99, -6137.99, -4865.31, -5125.75, -5271.52, -3852.78, -5935.07, -2792.41, -6158.28, -1800.52, -6328.18,  -814.14, -6510.23,   196.30, -6680.94,  1230.87, -6819.55,  2307.38, -6913.73,  3417.68, -6980.55,  4808.20, -6766.46,  7394.79, -5449.37,  8894.82, -4857.44,      NaN,      NaN,      NaN,      NaN,      NaN,      NaN,      NaN,      NaN,      NaN,      NaN,      NaN,      NaN,      NaN,      NaN,      NaN,      NaN,      NaN,      NaN
      NaN,      NaN,      NaN,      NaN,      NaN,      NaN,      NaN,      NaN,      NaN,      NaN,      NaN,      NaN,      NaN,      NaN,      NaN,      NaN,      NaN,      NaN,      NaN,      NaN,      NaN,      NaN,      NaN,      NaN,      NaN,      NaN,      NaN,      NaN,      NaN,      NaN,      NaN,      NaN, -8575.92, -1275.20, -7885.17, -2436.52, -6934.42, -3088.52, -5877.87, -3732.24, -4819.87, -4258.82, -3682.46, -4881.41, -2653.81, -5156.46, -1652.56, -5364.35,  -654.33, -5553.40,   351.65, -5710.19,  1383.63, -5823.89,  2438.62, -5889.04,  3554.09, -5909.02,  4905.21, -5654.46,  6894.38, -4614.28,  8917.10, -3434.26,      NaN,      NaN,      NaN,      NaN,      NaN,      NaN,      NaN,      NaN,      NaN,      NaN,      NaN,      NaN,      NaN,      NaN,      NaN,      NaN,      NaN,      NaN
      NaN,      NaN,      NaN,      NaN,      NaN,      NaN,      NaN,      NaN,      NaN,      NaN,      NaN,      NaN,      NaN,      NaN,      NaN,      NaN,      NaN,      NaN,      NaN,      NaN,      NaN,      NaN,      NaN,      NaN,      NaN,      NaN,      NaN,      NaN,      NaN,      NaN,      NaN,      NaN, -7790.70,   876.87, -7240.15,    90.69, -6555.12, -1857.19, -5475.07, -2681.55, -4504.49, -3303.75, -3495.29, -3844.55, -2481.60, -4180.77, -1487.28, -4424.00,  -501.13, -4621.64,   489.02, -4772.43,  1498.32, -4860.06,  2552.51, -4882.07,  3862.82, -4737.15,  5092.12, -4377.57,  6232.30, -3836.00,  7820.92, -2907.57,      NaN,      NaN,      NaN,      NaN,      NaN,      NaN,      NaN,      NaN,      NaN,      NaN,      NaN,      NaN,      NaN,      NaN,      NaN,      NaN,      NaN,      NaN
      NaN,      NaN,      NaN,      NaN,      NaN,      NaN,      NaN,      NaN,      NaN,      NaN,      NaN,      NaN,      NaN,      NaN,      NaN,      NaN,      NaN,      NaN,      NaN,      NaN,      NaN,      NaN,      NaN,      NaN,      NaN,      NaN,      NaN,      NaN,      NaN,      NaN,      NaN,      NaN, -6820.55,  1660.23, -6271.04,    84.11, -5767.53, -1015.25, -4961.31, -1787.09, -4087.23, -2389.55, -3171.18, -2884.58, -2232.00, -3243.79, -1289.53, -3511.00,  -343.71, -3712.88,   611.45, -3856.22,  1583.99, -3934.94,  2586.44, -3926.39,  3762.32, -3688.48,  4797.89, -3361.38,  5775.89, -2885.89,  6765.74, -2325.30,      NaN,      NaN,      NaN,      NaN,      NaN,      NaN,      NaN,      NaN,      NaN,      NaN,      NaN,      NaN,      NaN,      NaN,      NaN,      NaN,      NaN,      NaN
      NaN,      NaN,      NaN,      NaN,      NaN,      NaN,      NaN,      NaN,      NaN,      NaN,      NaN,      NaN,      NaN,      NaN,      NaN,      NaN,      NaN,      NaN,      NaN,      NaN,      NaN,      NaN,      NaN,      NaN,      NaN,      NaN,      NaN,      NaN,      NaN,      NaN,      NaN,      NaN, -6059.08,  1487.72, -5625.00,   489.20, -5069.66,  -285.69, -4374.93,  -962.45, -3600.97, -1524.88, -2784.35, -1989.25, -1935.98, -2349.67, -1068.08, -2622.54,  -185.79, -2821.09,   711.06, -2950.18,  1626.17, -3007.13,  2562.23, -2971.53,  3520.39, -2755.82,  4430.71, -2428.68,  5294.57, -1986.76,  6140.99, -1501.63,      NaN,      NaN,      NaN,      NaN,      NaN,      NaN,      NaN,      NaN,      NaN,      NaN,      NaN,      NaN,      NaN,      NaN,      NaN,      NaN,      NaN,      NaN
      NaN,      NaN,      NaN,      NaN,      NaN,      NaN,      NaN,      NaN,      NaN,      NaN,      NaN,      NaN,      NaN,      NaN,      NaN,      NaN,      NaN,      NaN,      NaN,      NaN,      NaN,      NaN,      NaN,      NaN,      NaN,      NaN,      NaN,      NaN,      NaN,      NaN,      NaN,      NaN, -5332.54,  1893.91, -4902.70,  1093.35, -4386.52,   419.55, -3775.66,  -179.44, -3097.25,  -700.99, -2374.65, -1138.00, -1617.15, -1486.76,  -834.26, -1752.97,   -32.28, -1942.63,   784.56, -2056.90,  1614.31, -2090.84,  2451.65, -2031.46,  3264.79, -1844.96,  4055.54, -1542.62,  4809.67, -1134.80,  5548.32,  -693.57,      NaN,      NaN,      NaN,      NaN,      NaN,      NaN,      NaN,      NaN,      NaN,      NaN,      NaN,      NaN,      NaN,      NaN,      NaN,      NaN,      NaN,      NaN
      NaN,      NaN,      NaN,      NaN,      NaN,      NaN,      NaN,      NaN,      NaN,      NaN,      NaN,      NaN,      NaN,      NaN,      NaN,      NaN,      NaN,      NaN,      NaN,      NaN,      NaN,      NaN,      NaN,      NaN,      NaN,      NaN,      NaN,      NaN,      NaN,      NaN,      NaN,      NaN, -4488.49,  2495.84, -4132.25,  1851.05, -3710.44,  1155.42, -3169.70,   579.99, -2578.54,    91.01, -1947.57,  -318.06, -1282.41,  -646.32,  -592.18,  -896.75,   117.39, -1073.16,   839.87, -1173.00,  1569.60, -1191.51,  2295.08, -1121.27,  3002.07,  -950.63,  3684.87,  -681.21,  4328.83,  -318.14,  4964.20,    81.51,      NaN,      NaN,      NaN,      NaN,      NaN,      NaN,      NaN,      NaN,      NaN,      NaN,      NaN,      NaN,      NaN,      NaN,      NaN,      NaN,      NaN,      NaN
      NaN,      NaN,      NaN,      NaN,      NaN,      NaN,      NaN,      NaN,      NaN,      NaN,      NaN,      NaN,      NaN,      NaN,      NaN,      NaN,      NaN,      NaN,      NaN,      NaN,      NaN,      NaN,      NaN,      NaN,      NaN,      NaN,      NaN,      NaN,      NaN,      NaN,      NaN,      NaN, -3519.73,  2952.36, -3247.94,  2370.59, -2928.14,  1777.13, -2521.76,  1282.58, -2033.16,   844.19, -1499.19,   472.27,  -932.93,   170.78,  -343.69,   -58.44,   266.35,  -214.21,   887.88,  -297.36,  1513.36,  -305.39,  2131.23,  -234.41,  2734.34,   -80.03,  3312.89,   157.35,  3857.24,   475.19,  4386.96,   823.20,      NaN,      NaN,      NaN,      NaN,      NaN,      NaN,      NaN,      NaN,      NaN,      NaN,      NaN,      NaN,      NaN,      NaN,      NaN,      NaN,      NaN,      NaN
      NaN,      NaN,      NaN,      NaN,      NaN,      NaN,      NaN,      NaN,      NaN,      NaN,      NaN,      NaN,      NaN,      NaN,      NaN,      NaN,      NaN,      NaN,      NaN,      NaN,      NaN,      NaN,      NaN,      NaN,      NaN,      NaN,      NaN,      NaN,      NaN,      NaN, -2670.20,  3359.77, -2522.67,  3235.09, -2332.57,  2755.23, -2123.01,  2323.19, -1837.43,  1943.80, -1451.98,  1562.60, -1022.33,  1238.17,  -561.54,   975.74,   -75.49,   776.70,   427.62,   642.04,   939.84,   573.33,  1455.71,   571.45,  1964.38,   637.54,  2460.47,   772.94,  2934.97,   976.72,  3380.34,  1247.09,  3771.02,  1514.91,  4028.74,  1665.77,      NaN,      NaN,      NaN,      NaN,      NaN,      NaN,      NaN,      NaN,      NaN,      NaN,      NaN,      NaN,      NaN,      NaN,      NaN,      NaN
      NaN,      NaN,      NaN,      NaN,      NaN,      NaN,      NaN,      NaN,      NaN,      NaN,      NaN,      NaN,      NaN,      NaN,      NaN,      NaN,      NaN,      NaN,      NaN,      NaN,      NaN,      NaN,      NaN,      NaN,      NaN,      NaN,      NaN,      NaN, -1429.92,  4218.42, -1545.30,  3709.65, -1525.45,  3491.11, -1388.57,  3233.32, -1285.94,  2881.17, -1090.06,  2544.48,  -818.86,  2236.60,  -503.54,  1977.45,  -155.63,  1765.65,   215.77,  1605.88,   603.67,  1498.78,  1000.65,  1445.74,  1399.96,  1447.44,  1794.84,  1504.10,  2178.74,  1615.61,  2545.07,  1781.08,  2887.49,  1998.73,  3184.33,  2219.44,  3376.41,  2459.68,  3566.14,  2900.82,      NaN,      NaN,      NaN,      NaN,      NaN,      NaN,      NaN,      NaN,      NaN,      NaN,      NaN,      NaN,      NaN,      NaN
  2604.06,  5506.50,  2441.25,  5644.85,  2186.83,  5817.42,  1907.22,  5939.69,  1609.48,  6009.13,  1303.93,  6025.01,   999.95,  5988.86,   706.21,  5903.60,   430.49,  5772.87,   179.41,  5601.39,   -41.75,  5394.97,  -228.82,  5159.96,  -378.74,  4903.00,  -490.17,  4631.27,  -538.70,  4303.33,  -583.52,  4029.46,  -580.53,  3757.16,  -515.53,  3521.35,  -429.60,  3274.81,  -306.79,  3052.74,  -141.48,  2850.79,    55.53,  2684.26,   284.72,  2541.18,   534.92,  2430.58,   799.52,  2357.05,  1071.58,  2322.76,  1345.95,  2327.40,  1618.79,  2370.78,  1883.38,  2453.10,  2135.34,  2573.54,  2369.10,  2730.40,  2567.30,  2909.39,  2725.55,  3134.55,  2866.28,  3420.88,  3022.16,  3740.96,  3080.73,  4033.67,  3092.96,  4332.45,  3056.38,  4630.09,  2970.33,  4918.48,  2834.63,  5191.51,  2721.24,  5371.26
  1951.90,  4787.51,  1841.81,  4894.44,  1715.00,  4980.91,  1573.74,  5042.46,  1423.55,  5077.36,  1269.60,  5084.96,  1116.50,  5066.50,   968.59,  5023.48,   829.90,  4957.46,   703.70,  4870.97,   592.59,  4766.95,   498.65,  4648.59,   423.44,  4519.23,   367.90,  4382.33,   331.60,  4241.78,   317.77,  4098.72,   324.83,  3957.27,   351.74,  3820.63,   398.71,  3690.96,   463.14,  3572.04,   545.60,  3467.88,   640.84,  3383.86,   753.25,  3312.65,   879.34,  3257.05,  1013.51,  3221.26,  1151.29,  3207.40,  1290.78,  3214.69,  1431.56,  3241.31,  1568.09,  3288.73,  1697.46,  3355.76,  1816.41,  3441.55,  1922.11,  3544.54,  2011.87,  3662.75,  2083.25,  3793.82,  2134.36,  3934.68,  2164.17,  4081.83,  2170.69,  4232.11,  2152.39,  4382.01,  2109.26,  4527.32,  2041.76,  4663.73,  1951.90,  4787.51
  1235.71,  4131.60,  1235.71,  4131.60,  1235.71,  4131.60,  1235.71,  4131.60,  1235.71,  4131.60,  1235.71,  4131.60,  1235.71,  4131.60,  1235.71,  4131.60,  1235.71,  4131.60,  1235.71,  4131.60,  1235.71,  4131.60,  1235.71,  4131.60,  1235.71,  4131.60,  1235.71,  4131.60,  1235.71,  4131.60,  1235.71,  4131.60,  1235.71,  4131.60,  1235.71,  4131.60,  1235.71,  4131.60,  1235.71,  4131.60,  1235.71,  4131.60,  1235.71,  4131.60,  1235.71,  4131.60,  1235.71,  4131.60,  1235.71,  4131.60,  1235.71,  4131.60,  1235.71,  4131.60,  1235.71,  4131.60,  1235.71,  4131.60,  1235.71,  4131.60,  1235.71,  4131.60,  1235.71,  4131.60,  1235.71,  4131.60,  1235.71,  4131.60,  1235.71,  4131.60,  1235.71,  4131.60,  1235.71,  4131.60,  1235.71,  4131.60,  1235.71,  4131.60,  1235.71,  4131.60,  1235.71,  4131.60
section 2:
boundary (12 vertices):
 -55.0,  80.0
 -55.0, 180.0
 -90.0, 180.0
 -90.0,-180.0
 -55.0,-180.0
 -55.0,-100.0
 -10.0,-100.0
  40.0,-150.0
  40.0,-180.0
  90.0,-180.0
  90.0,  80.0
 -55.0,  80.0
projected points (21x41 points):
 20533.27,  -451.54, 20533.27,  -451.54, 20533.27,  -451.54, 20533.27,  -451.54, 20533.27,  -451.54, 20533.27,  -451.54, 20533.27,  -451.54, 20533.27,  -451.54, 20533.27,  -451.54, 20533.27,  -451.54, 20533.27,  -451.54, 20533.27,  -451.54, 20533.27,  -451.54, 20533.27,  -451.54, 20533.27,  -451.54, 20533.27,  -451.54, 20533.27,  -451.54, 20533.27,  -451.54, 20533.27,  -451.54, 20533.27,  -451.54, 20533.27,  -451.54, 20533.27,  -451.54, 20533.27,  -451.54, 20533.27,  -451.54, 20533.27,  -451.54, 20533.27,  -451.54, 20533.27,  -451.54, 20533.27,  -451.54, 20533.27,  -451.54, 20533.27,  -451.54, 20533.27,  -451.54, 20533.27,  -451.54, 20533.27,  -451.54, 20533.27,  -451.54, 20533.27,  -451.54, 20533.27,  -451.54, 20533.27,  -451.54, 20533.27,  -451.54, 20533.27,  -451.54, 20533.27,  -451.54, 20533.27,  -451.54
 19594.85,   -96.42, 19671.25,    43.20, 19759.85,   173.61, 19864.88,   289.64, 19987.25,   387.32, 20123.73,   464.24, 20270.76,   518.52, 20424.58,   548.86, 20581.34,   554.58, 20737.10,   535.56, 20888.01,   492.30, 21030.35,   425.88, 21160.58,   337.95, 21275.52,   230.66, 21372.31,   106.65, 21448.56,   -31.04, 21502.37,  -179.05, 21532.39,  -333.73, 21537.85,  -491.30, 21518.60,  -647.87, 21475.07,  -799.58, 21408.32,  -942.69, 21319.97, -1073.66, 21212.17, -1189.26, 21087.56, -1286.62, 20949.20, -1363.33, 20800.49, -1417.49, 20645.09, -1447.77, 20486.82, -1453.42, 20329.55, -1434.30, 20177.14, -1390.89, 20033.31, -1324.25, 19901.56, -1236.04, 19785.06, -1128.42, 19686.63, -1004.03, 19608.60,  -865.90, 19552.79,  -717.38, 19520.47,  -562.03, 19512.34,  -403.56, 19542.15,  -247.18, 19594.85,   -96.42
 18689.94,   339.58, 18881.15,   603.27, 19199.93,  1104.07, 19516.10,  1544.17, 19829.26,  2006.90, 20100.66,  2396.43, 20383.19,  2740.33, 20666.64,  3027.38, 20953.29,  3252.52, 21258.10,  3440.75, 21456.46,  3200.38, 21536.31,  2378.14, 21795.53,  2213.16, 22008.49,   904.31, 22200.84,   657.84, 22352.37,   384.18, 22459.30,    90.03, 22518.95,  -217.40, 22529.79,  -530.55, 22491.51,  -841.71, 22404.99, -1143.22, 22272.32, -1427.64, 22096.72, -1687.93, 21882.47, -1917.66, 21634.82, -2111.14, 21359.84, -2263.59, 19043.49, -3429.74, 18737.75, -3449.44, 17341.54, -4295.28, 16805.66, -4452.56, 16884.35, -4097.48, 16991.18, -3741.38, 17144.50, -3336.32, 17342.70, -2881.79, 17581.85, -2366.45, 17801.63, -1836.23, 18004.13, -1318.16, 18197.55,  -797.39, 18370.26,  -328.60, 18556.84,    43.89, 18689.94,   339.58
 17782.12,   830.55, 18174.33,  1365.98, 18618.14,  1981.09, 19064.27,  2718.53, 19476.92,  3410.04, 19872.78,  4040.90, 20261.13,  4602.92, 20649.16,  5088.78, 21044.69,  5490.19, 21456.84,  5798.24, 21895.49,  6005.62, 21904.64,  4661.13, 21891.47,  3460.60, 22596.20,  2831.64,      NaN,      NaN,      NaN,      NaN,      NaN,      NaN,      NaN,      NaN,      NaN,      NaN,      NaN,      NaN,      NaN,      NaN,      NaN,      NaN,      NaN,      NaN,      NaN,      NaN,      NaN,      NaN, 19489.00, -4306.74, 17999.39, -4252.86, 16063.53, -5609.63, 13800.82, -7060.00, 13858.03, -6551.70, 14088.39, -6005.24, 14452.06, -5401.19, 14895.54, -4730.09, 15361.36, -3994.79, 15808.22, -3214.10, 16229.23, -2412.57, 16628.13, -1615.03, 16977.37,  -854.95, 17293.21,  -106.90, 17525.91,   408.93, 17782.12,   830.55
 16949.76,  1414.51, 17350.94,  1934.43, 17794.85,  2606.02, 18218.87,  3402.15, 18640.23,  4133.15, 19067.57,  4801.23, 19507.36,  5405.49, 19967.19,  5941.35, 20456.00,  6399.42, 20980.86,  6766.21, 21545.60,  7023.21, 21961.47,  6960.71, 21893.74,  6309.52,      NaN,      NaN,      NaN,      NaN,      NaN,      NaN,      NaN,      NaN,      NaN,      NaN,      NaN,      NaN,      NaN,      NaN,      NaN,      NaN,      NaN,      NaN,      NaN,      NaN,      NaN,      NaN,      NaN,      NaN,      NaN,      NaN, 13822.38, -6438.55, 12960.10, -7328.28, 12603.59, -7140.54, 12662.66, -6480.17, 12946.91, -5788.15, 13389.27, -5068.55, 13912.52, -4318.00, 14424.05, -3533.33, 14871.81, -2728.39, 15301.09, -1893.85, 15739.64, -1015.54, 16013.68,  -351.21, 16307.40,   293.03, 16611.97,   894.23, 16949.76,  1414.51
 16141.45,  2022.74, 16596.14,  2615.79, 17053.50,  3294.37, 17443.02,  4201.92, 17881.91,  4972.59, 18344.68,  5667.97, 18831.38,  6302.92, 19348.79,  6879.58, 19908.86,  7388.63, 20517.87,  7817.56, 21188.33,  8138.48, 21841.30,  8418.20,      NaN,      NaN,      NaN,      NaN,      NaN,      NaN,      NaN,      NaN,      NaN,      NaN,      NaN,      NaN,      NaN,      NaN,      NaN,      NaN,      NaN,      NaN,      NaN,      NaN,      NaN,      NaN,      NaN,      NaN,      NaN,      NaN,      NaN,      NaN,      NaN,      NaN, 11017.89, -8109.12, 11106.62, -7354.52, 11213.96, -6552.85, 11645.09, -5720.39, 12279.16, -4860.62, 13017.82, -3977.67, 13616.21, -3093.93, 13938.98, -2344.40, 14325.40, -1544.15, 14716.67,  -712.55, 15029.60,     8.38, 15370.77,   700.28, 15741.56,  1407.87, 16141.45,  2022.74
 15339.31,  2636.08, 15834.33,  3298.24, 16290.14,  4038.45, 16693.13,  5166.60, 17164.63,  5893.68, 17656.76,  6576.68, 18174.80,  7219.75, 18726.47,  7829.10, 19336.30,  8386.18, 19991.31,  8894.87, 20720.35,  9285.58, 21430.36,  9661.94,      NaN,      NaN,      NaN,      NaN,      NaN,      NaN,      NaN,      NaN,      NaN,      NaN,      NaN,      NaN,      NaN,      NaN,      NaN,      NaN,      NaN,      NaN,      NaN,      NaN,      NaN,      NaN,      NaN,      NaN,      NaN,      NaN,      NaN,      NaN,      NaN,      NaN,  8970.96, -8291.49,  9227.46, -7534.48,  9488.31, -6636.75, 10219.60, -5680.41, 11159.16, -4677.28, 12192.17, -3667.59, 12634.36, -2792.34, 12967.53, -1987.42, 13345.85, -1180.38, 13741.67,  -360.00, 14108.33,   423.55, 14492.95,  1176.17, 14899.80,  1934.30, 15339.31,  2636.08
 14529.91,  3258.20, 15024.25,  4048.81, 15441.25,  4963.79, 15876.37,  5765.73, 16358.34,  6518.72, 16876.43,  7242.77, 17436.91,  7930.99, 18040.10,  8572.89, 18691.77,  9167.88, 19386.24,  9737.51, 20117.82, 10270.10, 20880.17, 10702.08,      NaN,      NaN,      NaN,      NaN,      NaN,      NaN,      NaN,      NaN,      NaN,      NaN,      NaN,      NaN,      NaN,      NaN,      NaN,      NaN,      NaN,      NaN,      NaN,      NaN,      NaN,      NaN,      NaN,      NaN,      NaN,      NaN,      NaN,      NaN,      NaN,      NaN,  6197.11, -7854.75,  6798.63, -7570.22,  7395.78, -6706.83,  8719.18, -5621.24, 10059.05, -4464.10, 11193.85, -3380.88, 11654.90, -2464.51, 12023.67, -1609.66, 12420.91,  -772.17, 12826.13,    57.27, 13226.02,   871.79, 13641.06,  1669.59, 14069.98,  2469.65, 14529.91,  3258.20
 13681.92,  3802.17, 14143.50,  4633.81, 14571.92,  5480.93, 15033.14,  6298.66, 15540.26,  7089.12, 16089.62,  7857.95, 16687.29,  8588.65, 17337.16,  9277.46, 18035.36,  9916.69, 18762.35, 10520.89, 19523.62, 11093.87, 20304.99, 11653.29,      NaN,      NaN,      NaN,      NaN,      NaN,      NaN,      NaN,      NaN,      NaN,      NaN,      NaN,      NaN,      NaN,      NaN,      NaN,      NaN,      NaN,      NaN,      NaN,      NaN,      NaN,      NaN,      NaN,      NaN,      NaN,      NaN,      NaN,      NaN,      NaN,      NaN,  3337.43, -7153.97,  3417.68, -6980.55,  4808.20, -6766.46,  7394.79, -5449.37,  9268.47, -4052.73, 10040.35, -3107.45, 10672.05, -2112.76, 11099.50, -1217.32, 11526.92,  -355.24, 11950.28,   491.58, 12370.13,  1327.36, 12798.66,  2153.59, 13230.05,  2978.50, 13681.92,  3802.17
 12821.97,  4295.77, 13268.53,  5138.40, 13707.01,  5987.31, 14184.68,  6831.30, 14714.05,  7650.57, 15281.92,  8457.03, 15902.28,  9232.16, 16575.42,  9966.62, 17305.53, 10658.64, 18069.03, 11315.64, 18874.47, 11935.63, 19665.67, 12513.87,      NaN,      NaN,      NaN,      NaN,      NaN,      NaN,      NaN,      NaN,      NaN,      NaN,      NaN,      NaN,      NaN,      NaN,      NaN,      NaN,      NaN,      NaN,      NaN,      NaN,      NaN,      NaN,      NaN,      NaN,      NaN,      NaN,      NaN,      NaN,      NaN,      NaN,  2616.01, -5858.88,  3554.09, -5909.02,  4905.21, -5654.46,  6894.38, -4614.28,  8403.52, -3448.46,  9088.02, -2573.95,  9699.31, -1688.67, 10210.44,  -794.67, 10667.22,    78.80, 11103.30,   936.07, 11532.34,  1782.98, 11961.30,  2623.45, 12386.33,  3460.48, 12821.97,  4295.77
 11957.65,  4771.91, 12391.00,  5622.83, 12826.33,  6484.67, 13307.55,  7362.49, 13870.37,  8206.39, 14447.40,  9035.66, 15060.01,  9845.76, 15705.10, 10636.80, 16460.35, 11395.93, 17294.53, 12108.77, 18101.72, 12734.27, 18950.39, 13375.28,      NaN,      NaN,      NaN,      NaN,      NaN,      NaN,      NaN,      NaN,      NaN,      NaN,      NaN,      NaN,      NaN,      NaN,      NaN,      NaN,      NaN,      NaN,      NaN,      NaN,      NaN,      NaN,      NaN,      NaN,      NaN,      NaN,      NaN,      NaN,      NaN,      NaN,  2618.09, -4932.72,  3862.82, -4737.15,  5092.12, -4377.57,  6232.30, -3836.00,  7531.19, -2836.57,  8233.87, -2001.42,  8843.49, -1159.36,  9371.89,  -307.73,  9843.75,   544.18, 10277.89,  1393.23, 10697.40,  2236.90, 11117.88,  3079.38, 11536.52,  3924.45, 11957.65,  4771.91
 11077.44,  5233.40, 11488.84,  6074.73, 11903.07,  6953.64, 12358.08,  7852.00, 12931.25,  8727.52, 13491.33,  9577.60, 14063.39, 10421.88, 14744.07, 11274.12, 15536.85, 12100.07, 16349.16, 12815.41, 17243.13, 13523.85,      NaN,      NaN,      NaN,      NaN,      NaN,      NaN,      NaN,      NaN,      NaN,      NaN,      NaN,      NaN,      NaN,      NaN,      NaN,      NaN,      NaN,      NaN,      NaN,      NaN,      NaN,      NaN,      NaN,      NaN,      NaN,      NaN,      NaN,      NaN,      NaN,      NaN,      NaN,      NaN,  2635.15, -3986.37,  3762.32, -3688.48,  4797.89, -3361.38,  5775.89, -2885.89,  6744.13, -2147.02,  7448.48, -1380.54,  8052.27,  -591.66,  8576.87,   217.08,  9048.44,  1032.98,  9464.25,  1864.86,  9872.68,  2697.24, 10278.82,  3531.50, 10675.03,  4373.67, 11077.44,  5233.40
 10152.32,  5652.88, 10505.10,  6493.34, 10894.44,  7361.52, 11259.56,  8252.31, 11622.39,  9138.37, 12326.81, 10014.47, 12963.96, 10927.34, 13669.39, 11842.23, 14467.03, 12668.53, 15340.46, 13492.53,      NaN,      NaN,      NaN,      NaN,      NaN,      NaN,      NaN,      NaN,      NaN,      NaN,      NaN,      NaN,      NaN,      NaN,      NaN,      NaN,      NaN,      NaN,      NaN,      NaN,      NaN,      NaN,      NaN,      NaN,      NaN,      NaN,      NaN,      NaN,      NaN,      NaN,      NaN,      NaN,      NaN,      NaN,  2581.96, -3021.48,  3520.39, -2755.82,  4430.71, -2428.68,  5294.57, -1986.76,  6077.31, -1386.51,  6744.14,  -710.05,  7323.42,    12.04,  7821.83,   769.39,  8279.96,  1541.42,  8643.12,  2345.76,  9036.10,  3160.62,  9425.14,  3973.94,  9787.19,  4795.81, 10152.32,  5652.88
  9137.97,  6068.85,  9510.37,  6907.44,  9905.97,  7743.68, 10264.17,  8598.86, 10621.57,  9472.37, 11195.45, 10401.67, 11782.73, 11347.08, 12530.28, 12261.38, 13295.31, 13193.27,      NaN,      NaN,      NaN,      NaN,      NaN,      NaN,      NaN,      NaN,      NaN,      NaN,      NaN,      NaN,      NaN,      NaN,      NaN,      NaN,      NaN,      NaN,      NaN,      NaN,      NaN,      NaN,      NaN,      NaN,      NaN,      NaN,      NaN,      NaN,      NaN,      NaN,      NaN,      NaN,      NaN,      NaN,      NaN,      NaN,  2449.47, -2098.99,  3264.79, -1844.96,  4055.54, -1542.62,  4809.67, -1134.80,  5483.70,  -619.41,  6089.19,   -19.47,  6628.98,   641.80,  7100.91,  1351.61,  7532.36,  2098.84,  7858.50,  2885.82,  8200.85,  3662.75,  8559.87,  4442.96,  8854.72,  5208.75,  9137.97,  6068.85
  8119.38,  6544.05,  8504.60,  7339.39,  8915.64,  8136.63,  9265.97,  8939.90,  9597.70,  9779.01, 10016.38, 10680.33, 10596.23, 11647.19, 11262.39, 12611.97,      NaN,      NaN,      NaN,      NaN,      NaN,      NaN,      NaN,      NaN,      NaN,      NaN,      NaN,      NaN,      NaN,      NaN,      NaN,      NaN,      NaN,      NaN,      NaN,      NaN,      NaN,      NaN,      NaN,      NaN,      NaN,      NaN,      NaN,      NaN,      NaN,      NaN,      NaN,      NaN,      NaN,      NaN,      NaN,      NaN,      NaN,      NaN,  2299.53, -1183.25,  3002.07,  -950.63,  3684.87,  -681.21,  4328.83,  -318.14,  4918.34,   134.80,  5450.75,   665.24,  5925.57,  1260.29,  6344.17,  1910.13,  6705.17,  2608.42,  6998.29,  3348.90,  7276.01,  4112.36,  7535.15,  4903.32,  7697.38,  5718.27,  8119.38,  6544.05
  6519.58,  6905.51,  6953.91,  7664.13,  7539.28,  8466.37,  8140.14,  9287.32,  8488.13, 10055.63,  8951.98, 10948.64,  9416.67, 11894.98,      NaN,      NaN,      NaN,      NaN,      NaN,      NaN,      NaN,      NaN,      NaN,      NaN,      NaN,      NaN,      NaN,      NaN,      NaN,      NaN,      NaN,      NaN,      NaN,      NaN,      NaN,      NaN,      NaN,      NaN,      NaN,      NaN,      NaN,      NaN,      NaN,      NaN,      NaN,      NaN,      NaN,      NaN,      NaN,      NaN,      NaN,      NaN,      NaN,      NaN,  2140.39,  -284.11,  2734.34,   -80.03,  3312.89,   157.35,  3857.24,   475.19,  4358.56,   869.36,  4811.58,  1332.86,  5212.93,  1858.07,  5560.40,  2438.35,  5845.12,  3068.95,  6067.70,  3747.93,  6227.56,  4473.37,  6241.20,  5256.59,  6139.15,  6056.17,  6519.58,  6905.51
  4430.19,  6608.09,  3985.29,  7132.22,  5635.62,  8025.59,  6507.62,  8807.64,  7216.24,  9509.52,  7160.22,  9945.71,      NaN,      NaN,      NaN,      NaN,      NaN,      NaN,      NaN,      NaN,      NaN,      NaN,      NaN,      NaN,      NaN,      NaN,      NaN,      NaN,      NaN,      NaN,      NaN,      NaN,      NaN,      NaN,      NaN,      NaN,      NaN,      NaN,      NaN,      NaN,      NaN,      NaN,      NaN,      NaN,      NaN,      NaN,      NaN,      NaN,      NaN,      NaN,      NaN,      NaN,  1698.62,   459.61,  2009.32,   614.29,  2460.47,   772.94,  2934.97,   976.72,  3380.34,  1247.09,  3789.68,  1580.84,  4157.07,  1973.49,  4477.22,  2419.96,  4744.65,  2915.24,  4952.48,  3455.00,  5089.55,  4034.93,  5145.69,  4650.25,  5074.19,  5311.25,  4842.99,  5972.18,  4430.19,  6608.09
  3528.29,  6022.46,  3178.97,  6398.02,  3603.88,  6992.89,  4068.60,  7552.20,  4401.15,  7813.29,  3225.01,  7194.23,      NaN,      NaN,      NaN,      NaN,      NaN,      NaN,      NaN,      NaN,      NaN,      NaN,      NaN,      NaN,      NaN,      NaN,      NaN,      NaN,      NaN,      NaN,      NaN,      NaN,      NaN,      NaN,      NaN,      NaN,      NaN,      NaN,      NaN,      NaN,      NaN,      NaN,      NaN,      NaN,      NaN,      NaN,      NaN,      NaN,      NaN,      NaN,  1219.28,  1437.22,  1563.05,  1411.66,  1842.57,  1477.22,  2178.74,  1615.61,  2545.07,  1781.08,  2887.49,  1998.73,  3199.90,  2265.88,  3476.52,  2579.00,  3711.60,  2933.92,  3899.09,  3325.85,  4032.10,  3749.47,  4102.46,  4198.54,  4099.85,  4665.33,  4001.40,  5137.20,  3816.28,  5596.86,  3528.29,  6022.46
  2706.84,  5416.37,  2474.87,  5648.25,  2359.43,  5831.09,  2303.17,  5990.01,  2315.58,  6157.29,  1303.93,  6025.01,   999.95,  5988.86,   706.21,  5903.60,   430.49,  5772.87,   179.41,  5601.39,   -41.75,  5394.97,  -228.82,  5159.96,  -378.74,  4903.00,  -490.17,  4631.27,  -560.91,  4350.61,  -589.52,  4066.69,  -575.95,  3785.43,  -521.91,  3513.18,  -429.45,  3255.81,  -300.07,  3019.99,  -138.23,  2814.78,    54.94,  2642.41,   277.84,  2501.64,   527.08,  2392.67,   793.09,  2322.19,  1114.00,  2321.04,  1375.31,  2316.95,  1632.39,  2359.04,  1883.38,  2453.10,  2135.34,  2573.54,  2369.10,  2730.40,  2579.82,  2921.30,  2762.85,  3143.22,  2913.60,  3392.44,  3027.54,  3664.56,  3100.15,  3954.44,  3126.98,  4256.06,  3103.06,  4561.92,  3024.44,  4863.33,  2892.12,  5151.80,  2706.84,  5416.37
  1951.90,  4787.51,  1841.81,  4894.44,  1715.00,  4980.91,  1573.74,  5042.46,  1423.55,  5077.36,  1269.60,  5084.96,  1116.50,  5066.50,   968.59,  5023.48,   829.90,  4957.46,   703.70,  4870.97,   592.59,  4766.95,   498.65,  4648.59,   423.44,  4519.23,   367.90,  4382.33,   331.60,  4241.78,   317.77,  4098.72,   324.83,  3957.27,   351.74,  3820.63,   398.71,  3690.96,   463.14,  3572.04,   545.60,  3467.88,   640.84,  3383.86,   753.25,  3312.65,   879.34,  3257.05,  1013.51,  3221.26,  1151.29,  3207.40,  1290.78,  3214.69,  1431.56,  3241.31,  1568.09,  3288.73,  1697.46,  3355.76,  1816.41,  3441.55,  1922.11,  3544.54,  2011.87,  3662.75,  2083.25,  3793.82,  2134.36,  3934.68,  2164.17,  4081.83,  2170.69,  4232.11,  2152.39,  4382.01,  2109.26,  4527.32,  2041.76,  4663.73,  1951.90,  4787.51
  1235.71,  4131.60,  1235.71,  4131.60,  1235.71,  4131.60,  1235.71,  4131.60,  1235.71,  4131.60,  1235.71,  4131.60,  1235.71,  4131.60,  1235.71,  4131.60,  1235.71,  4131.60,  1235.71,  4131.60,  1235.71,  4131.60,  1235.71,  4131.60,  1235.71,  4131.60,  1235.71,  4131.60,  1235.71,  4131.60,  1235.71,  4131.60,  1235.71,  4131.60,  1235.71,  4131.60,  1235.71,  4131.60,  1235.71,  4131.60,  1235.71,  4131.60,  1235.71,  4131.60,  1235.71,  4131.60,  1235.71,  4131.60,  1235.71,  4131.60,  1235.71,  4131.60,  1235.71,  4131.60,  1235.71,  4131.60,  1235.71,  4131.60,  1235.71,  4131.60,  1235.71,  4131.60,  1235.71,  4131.60,  1235.71,  4131.60,  1235.71,  4131.60,  1235.71,  4131.60,  1235.71,  4131.60,  1235.71,  4131.60,  1235.71,  4131.60,  1235.71,  4131.60,  1235.71,  4131.60,  1235.71,  4131.60
projected boundary (271 vertices):
  7471.94,  6767.35
  7394.12,  6891.50
  7250.52,  7053.69
  7065.96,  7221.30
  6806.30,  7426.05
  5626.48,  8256.68
  5243.26,  8495.38
  4855.69,  8711.20
  4505.41,  8887.48
  4146.66,  9052.01
  3819.35,  9184.50
  3485.30,  9304.63
  3105.64,  9425.45
  2695.65,  9538.50
  2357.04,  9617.01
  1992.08,  9681.69
  1556.25,  9968.14
  1112.03, 10221.40
   461.33, 10543.33
   -57.77, 10758.51
  -514.44, 10916.34
  -956.98, 11037.48
 -1528.71, 11150.62
 -1971.63, 11206.67
 -2453.58, 11233.60
 -2921.01, 11229.18
 -3540.06, 11184.09
 -4020.78, 11117.35
 -4541.03, 11006.02
 -4783.88, 10938.54
 -5028.98, 10859.72
 -5567.56, 10662.94
 -5816.17, 10555.91
 -6107.08, 10418.19
 -6439.32, 10246.22
 -6726.35, 10083.81
 -7246.35,  9766.42
 -7553.08,  9563.96
 -7844.56,  9351.56
 -8120.61,  9130.47
 -8348.02,  8930.31
 -8623.85,  8662.81
 -8927.90,  8599.68
 -9292.48,  8508.69
 -9728.44,  8384.89
-10074.32,  8275.21
-10492.19,  8125.18
-11039.83,  7911.55
-11748.15,  7607.68
-12143.84,  7420.06
-12442.30,  7267.95
-12777.17,  7083.20
-13119.78,  6881.03
-13533.28,  6612.72
-14247.03,  6087.84
-14460.77,  6321.64
-14685.60,  6523.15
-14929.98,  6700.94
-15205.49,  6862.73
-15504.45,  7002.34
-15829.68,  7120.12
-16148.90,  7207.20
-16488.90,  7270.23
-16817.15,  7304.25
-17162.21,  7311.09
-17491.70,  7290.47
-17822.84,  7242.06
-18146.40,  7167.26
-18467.53,  7065.15
-18778.24,  6938.00
-19079.71,  6785.73
-19406.18,  6584.15
-19611.72,  6419.22
-19885.21,  6159.92
-20126.70,  5885.41
-20338.82,  5593.47
-20523.69,  5283.14
-20672.13,  4971.03
-20795.36,  4634.82
-20884.27,  4304.09
-20945.74,  3948.08
-20973.54,  3601.46
-20969.74,  3254.48
-20932.57,  2897.59
-20866.57,  2561.29
-20766.25,  2217.45
-20635.86,  1887.03
-20541.24,  1690.28
-20437.09,  1501.40
-20319.65,  1315.65
-20190.87,  1135.42
-20060.21,   972.98
-19917.65,   815.40
-19765.70,   665.73
-19596.06,   516.73
-19429.85,   386.03
-19250.95,   261.50
-19055.43,   141.88
-18853.35,    32.71
-18660.92,   -57.43
-18448.63,  -142.44
-18232.83,  -215.63
-18024.81,  -272.61
-17743.34,  -329.02
-17470.46,  -362.88
-17174.93,  -376.35
-16892.05,  -367.81
-16593.37,  -336.56
-16315.09,  -286.65
-16023.91,  -211.61
-15739.94,  -115.68
-15460.33,     3.02
-15176.57,   148.31
-14940.38,   293.32
-14694.82,   471.01
-14500.87,   637.29
-14337.04,   806.59
-14180.95,  1002.25
-14009.43,  1251.44
-13428.57,   902.51
-12850.49,   588.15
-12261.68,   301.72
-11735.52,    80.24
-11314.22,   -61.70
-10561.18,  -281.28
-10335.76,  -339.26
 -9561.66,  -515.48
 -8666.77,  -778.11
 -8183.19,  -929.93
 -7944.27, -1021.80
 -7332.74, -1346.32
 -7196.50, -1409.83
 -7068.11, -1456.53
 -6978.37, -1477.09
 -6895.37, -1482.55
 -6820.11, -1470.52
 -6753.57, -1438.57
 -6828.83, -1511.79
 -6904.66, -1643.73
 -6963.66, -1811.39
 -7017.44, -2045.81
 -7135.24, -2839.87
 -7246.85, -3401.95
 -7303.95, -3761.10
 -7338.30, -4172.19
 -7333.49, -4525.59
 -7304.67, -4785.41
 -7256.77, -5065.70
 -6984.35, -6326.00
 -6933.15, -6670.61
 -6862.38, -7297.71
 -6804.60, -7720.57
 -6712.50, -8268.50
 -6657.54, -8501.81
 -6601.16, -8690.69
 -6322.58, -9445.70
 -6217.31, -9768.34
 -5906.15, -9718.89
 -5555.50, -9701.74
 -5173.19, -9717.40
 -4806.63, -9765.90
 -4470.22, -9840.25
 -3543.76,-10095.77
 -3143.89,-10198.22
 -2618.32,-10315.86
 -2069.18,-10421.72
 -1473.50,-10519.16
  -846.49,-10603.51
   183.78,-10719.44
   804.70,-10772.03
  1059.36,-10811.17
  1239.46,-10858.83
  1440.91,-10933.82
  1782.54,-11081.85
  2079.58,-11233.60
  2292.70,-10866.39
  2907.48, -9721.35
  3058.57, -9474.90
  3273.36, -9186.27
  3825.39, -8557.24
  4039.09, -8295.49
  4188.74, -8081.57
  4363.94, -7785.35
  4537.63, -7447.87
  4586.14, -7326.29
  4621.55, -7209.44
  4641.24, -7098.62
  4642.62, -6995.13
  4623.08, -6900.27
  4597.15, -6842.46
  4617.67, -6868.41
  4686.11, -6910.11
  4849.64, -6949.72
  5074.10, -6965.97
  5345.81, -6963.51
  5866.61, -6930.49
  7119.04, -6821.06
  8371.56, -6781.45
  9663.29, -6729.39
 11317.71, -6635.97
 12271.63, -6567.71
 12790.49, -6554.98
 12845.18, -6352.09
 12926.13, -6134.49
 13049.36, -5868.46
 13187.95, -5610.98
 13527.68, -5072.05
 14013.35, -4366.22
 14422.13, -3745.19
 14689.88, -3296.70
 15008.69, -2715.44
 15781.24, -1201.90
 15911.01,  -918.79
 16123.26,  -396.64
 16363.88,   141.12
 16624.74,   679.52
 16822.67,  1025.99
 17033.16,  1337.71
 17229.50,  1581.87
 17421.04,  1840.68
 17765.69,  2344.63
 17940.92,  2634.84
 18332.84,  3362.66
 18711.69,  4017.93
 19078.42,  4600.49
 19452.45,  5135.17
 19652.40,  5393.69
 19854.36,  5637.38
 20021.87,  5823.43
 20226.23,  6031.49
 20409.29,  6201.24
 20590.93,  6351.85
 20783.95,  6495.77
 20973.54,  6619.48
 20205.37,  8290.50
 20014.64,  8667.25
 19848.62,  8951.45
 19625.46,  9267.31
 19009.87, 10055.27
 18556.04, 10601.64
 18120.04, 11094.71
 18063.45, 11156.50
 17428.92, 11207.38
 16762.04, 11233.60
 16328.58, 11231.83
 15927.62, 11217.32
 15413.10, 11182.41
 15005.83, 11142.39
 14556.10, 11082.33
 14178.43, 11019.62
 13644.96, 10916.44
 13181.56, 10814.04
 12717.38, 10696.80
 12218.44, 10556.90
 11683.02, 10398.18
 11230.98, 10250.90
 10673.02, 10050.75
  9443.10,  9558.22
  8903.61,  9363.59
  8789.57,  9110.40
  8586.67,  8712.45
  7925.83,  7529.90
  7831.98,  7416.52
  7552.71,  7178.34
  7503.45,  7123.58
  7464.54,  7064.90
  7438.95,  7001.11
  7429.67,  6931.04
  7439.68,  6853.52
  7458.53,  6797.11
  7471.94,  6767.35
inverse-projected points (21x21 points):
-23053.98,-13197.49, 22596.20, 13863.45
 -36.1,  54.0, -36.1,  54.0, -36.1,  54.0, -36.1,  63.0, -36.1,  63.0, -36.1,  63.0, -36.1,  72.0, -36.1,  72.0, -36.1,  81.0, -36.1,  90.0, -36.1,  99.0, -36.1, 108.0, -36.1, 117.0, -36.1, 135.0, -36.1, 144.0, -36.1, 153.0, -36.1, 162.0, -36.1, 171.0, -36.1, 179.9, -36.1,-179.9, -36.1,-179.9
 -36.1,  45.0, -36.1,  45.0, -36.1,  45.0, -36.1,  54.0, -36.1,  54.0, -36.1,  54.0, -36.1,  54.0, -36.1,  63.0, -36.1,  63.0, -37.3,  72.8, -46.3,  83.1, -53.1,  97.9, -56.6, 117.8, -55.7, 139.2, -50.9, 157.4, -43.3, 170.4, -36.1, 179.9, -36.1,-179.9, -36.1,-171.0, -36.1,-171.0, -36.1,-162.0
 -36.1,  36.0, -36.1,  36.0, -36.1,  36.0, -36.1,  36.0, -36.1,  45.0, -36.1,  45.0, -36.1,  45.0, -36.1,  45.0, -36.1,  45.0, -47.3,  50.3, -58.8,  57.0, -69.6,  71.1, -77.2, 106.7, -75.1, 159.1, -65.9,-175.4, -54.5,-165.4, -43.1,-160.6, -36.1,-162.0, -36.1,-153.0, -36.1,-153.0, -36.1,-153.0
 -45.0, -35.9, -45.0, -35.9, -36.1,  27.0, -36.1,  27.0, -36.1,  27.0, -36.1,  27.0, -36.1,  27.0, -36.1,  27.0, -36.2,  25.1, -48.3,  22.2, -60.2,  17.2, -71.6,   6.0, -80.6, -31.9, -77.9,-100.5, -67.5,-123.9, -56.0,-132.5, -44.3,-136.2, -36.0,-135.0, -27.0,-134.9, -27.0,-134.9, -27.0,-134.9
 -54.0, -35.9, -45.0, -35.9, -45.0, -35.9, -36.0, -35.9, -27.1,   8.9, -27.1,   8.9, -27.1,   8.9, -27.1,   8.9, -27.1,   8.9, -40.5,   1.5, -49.4,  -9.8, -56.3, -26.7, -59.9, -48.7, -59.2, -72.8, -54.5, -93.1, -47.6,-107.6, -39.3,-119.0, -29.2,-129.5, -27.0,-134.9, -27.0,-134.9, -27.0,-134.9
 -62.9, -35.9, -54.0, -35.9, -45.0, -35.9, -36.0, -35.9, -36.0, -35.9, -27.0, -35.9, -18.0, -35.9, -27.0,   0.0, -27.0,   0.0, -30.2,  -9.8, -35.0, -22.7, -38.1, -36.8, -39.2, -51.8, -38.6, -67.3, -36.2, -82.1, -32.9, -95.2, -29.7,-106.9, -26.1,-119.1, -27.0,-126.0, -18.0,-134.9, -18.0,-134.9
 -62.9, -35.9, -62.9, -35.9, -54.0, -35.9, -45.0, -35.9, -36.0, -35.9, -27.0, -35.9, -18.0, -35.9, -18.0, -35.9, -18.0,  -9.0, -17.4, -16.7, -18.0, -27.3, -18.5, -39.4, -18.5, -52.0, -17.8, -64.6, -16.3, -77.1, -14.8, -89.0, -15.0, -99.8, -15.9,-110.6, -18.7,-122.5, -18.0,-126.0, -18.0,-126.0
 -71.9, -26.9, -62.9, -35.9, -58.5, -35.9, -48.7, -27.9, -38.6, -23.1, -27.9, -20.9, -20.8, -18.6, -13.2, -18.5,  -4.7, -13.2,  -1.7, -21.6,   1.5, -28.9,   1.6, -39.6,   2.2, -51.0,   3.2, -62.7,   3.9, -74.6,   3.7, -86.3,   2.4, -97.7,  -1.2,-108.2,  -5.3,-118.3,  -9.0,-126.0,  -9.0,-134.9
 -71.9,   9.0, -71.9,   0.0, -60.8,  -1.1, -50.1,   0.7, -38.5,   1.7, -26.6,   1.5, -15.2,   1.7,  -4.7,  -1.1,   5.6,  -5.4,  15.7, -12.9,  23.5, -20.4,  28.4, -32.3,  23.5, -47.3,  24.7, -60.3,  25.3, -74.0,  23.5, -87.4,  19.7, -99.3,  14.1,-110.6,   8.4,-121.2,   1.7,-131.1,   0.0,-135.0
 -71.9,  27.0, -67.6,  27.9, -56.3,  25.8, -44.0,  23.9, -31.9,  22.0, -20.0,  20.7,  -8.0,  19.1,   3.9,  16.7,  15.7,  12.8,  27.3,   7.1,  38.2,  -1.1,  47.7, -13.4,  52.7, -32.8,  51.1, -56.3,  48.3, -77.3,  43.2, -94.8,  36.7,-108.9,  29.4,-120.6,  20.7,-130.0,  12.0,-138.4,   9.0,-144.0
 -71.9,  54.0, -64.9,  53.5, -53.3,  49.5, -40.5,  46.9, -28.3,  43.4, -16.4,  41.0,  -3.9,  39.1,   9.0,  37.1,  22.3,  34.8,  35.7,  31.7,  49.2,  26.8,  61.9,  17.4,  72.6,  -8.1,  75.1, -57.1,  68.5, -96.4,  59.1,-115.1,  49.6,-127.0,  39.4,-136.0,  27.7,-142.1,  17.1,-149.1,   9.1,-152.9
 -71.9,  89.9, -59.5,  85.2, -49.1,  74.8, -37.8,  68.0, -25.7,  62.3, -14.0,  60.4,  -1.9,  58.9,  11.0,  58.2,  24.0,  58.5,  37.2,  60.2,  51.2,  63.1,  64.1,  69.6,  76.3,  87.5,  81.9, 155.4,  74.9,-148.9,  62.1,-149.8,  50.5,-148.4,  38.7,-150.9,  27.4,-155.5,  18.1,-162.0,  18.1,-162.0
 -54.0,  98.9, -45.0,  98.9, -41.2,  98.4, -33.0,  88.4, -25.2,  80.3, -14.6,  77.7,  -3.8,  76.2,   7.2,  76.6,  18.8,  80.4,  30.1,  86.1,  41.0,  94.5,  50.8, 106.7,  58.0, 124.8,  60.9, 148.2,  58.6, 170.4,  53.1,-172.4,  43.9,-163.1,  31.0,-163.7,  27.0,-162.0,  18.1,-162.0,  18.1,-162.0
 -45.0,  98.9, -36.0,  98.9, -36.0,  98.9, -27.0,  63.1, -27.8,  65.9, -22.6,  83.3, -11.6,  88.2,  -1.3,  92.0,   8.1,  97.2,  16.8, 105.1,  25.2, 114.6,  32.6, 125.8,  38.2, 139.0,  41.7, 153.6,  42.3, 168.7,  45.0,-177.7,  50.5,-159.1,  54.0,-135.1,  54.0,-135.1,  54.0,-135.1,  44.9,-126.1
 -36.0,  63.1, -36.0,  63.1, -36.0,  63.1, -36.0,  63.1, -35.2,  68.9, -32.5,  83.1, -24.2,  93.6, -13.8,  99.4,  -6.7, 108.5,   0.2, 118.3,   6.9, 128.6,  13.1, 139.6,  18.6, 151.3,  23.9, 163.3,  27.9, 176.1,  32.2,-171.7,  37.0,-158.9,  41.2,-145.5,  45.0,-135.0,  44.9,-126.1,  44.9,-126.1
 -45.0,  63.1, -45.0,  63.1, -45.0,  63.1, -45.0,  63.1, -45.7,  66.4, -44.5,  82.3, -38.7,  95.7, -29.4, 105.7, -23.0, 116.4, -17.9, 128.0, -12.2, 139.3,  -6.5, 150.6,  -0.7, 162.0,   4.8, 173.4,  10.1,-175.1,  14.9,-163.3,  19.2,-151.5,  24.5,-139.8,  30.2,-128.8,  35.9,-117.1,  35.9,-117.1
 -45.0,  63.1, -45.0,  63.1, -54.0,  63.0, -54.0,  63.0, -54.0,  63.0, -59.8,  82.4, -54.6,  99.1, -47.2, 111.5, -41.3, 124.0, -36.3, 136.9, -31.1, 149.2, -25.5, 161.3, -19.6, 172.7, -13.7,-176.2,  -8.1,-165.1,  -2.3,-154.3,   4.0,-143.8,  10.1,-133.2,  16.0,-122.6,  22.7,-112.4,  26.9,-108.1
 -63.0,  72.0, -63.0,  72.0, -63.0,  72.0, -63.0,  72.0, -63.0,  72.0, -63.0,  63.0, -68.6,  84.4, -64.6, 117.9, -59.2, 133.0, -54.1, 144.0, -49.4, 159.7, -43.7, 173.9, -36.8,-173.8, -31.1,-163.6, -26.1,-153.8, -19.5,-142.8, -12.3,-132.5,  -4.7,-122.7,   2.7,-113.2,  10.3,-104.0,  17.9, -99.1
 -63.0,  72.0, -63.0,  72.0, -63.0,  63.0, -63.0,  63.0, -63.0,  63.0, -63.0,  63.0, -63.0,  54.0, -73.5,  70.7, -74.5, 117.4, -71.4, 149.3, -67.0, 173.1, -60.3,-168.9, -54.0,-157.1, -48.5,-147.0, -42.5,-137.3, -35.7,-128.0, -27.7,-117.9, -18.7,-108.7,  -9.8,-100.2,  -1.1, -91.8,   8.9, -90.1
 -63.0,  63.0, -63.0,  63.0, -63.1,  45.1, -63.1,  45.1, -63.1,  45.1, -63.1,  45.1, -63.1,  45.1, -63.1,  45.1, -75.4,  50.3, -84.5,  90.4, -82.7,-126.5, -76.2,-126.7, -70.3,-127.4, -64.2,-125.1, -57.2,-114.9, -48.8,-105.2, -40.1, -97.9, -30.9, -90.8, -21.4, -83.4,  -9.0, -81.1,  -0.1, -81.1
 -63.1,  45.1, -63.1,  45.1, -63.1,  45.1, -63.1,  45.1, -63.1,  45.1, -63.1,  45.1, -72.0,  45.0, -72.1,  36.0, -72.1,  27.0, -72.1,  -9.0, -72.1, -45.0, -72.0, -72.0, -63.1, -63.1, -63.0, -81.0, -63.0, -90.0, -54.0, -81.0, -45.0, -81.1, -36.0, -81.1, -27.0, -81.1, -18.0, -81.1, -18.0, -81.1
